number	latency	duration	channel	bvtime	bvmknum	type	code	urevent	epoch
1.000000	1001.000000	1.000000	0.000000		2.000000	S  1	Stimulus	2.000000	1.000000
2.000000	1751.000000	1.000000	0.000000		3.000000	S  4	Stimulus	3.000000	1.000000
3.000000	5001.000000	1.000000	0.000000		4.000000	S  2	Stimulus	4.000000	2.000000
4.000000	5683.000000	1.000000	0.000000		5.000000	S  6	Stimulus	5.000000	2.000000
5.000000	9001.000000	1.000000	0.000000		6.000000	S  1	Stimulus	6.000000	3.000000
6.000000	9618.000000	1.000000	0.000000		7.000000	S  6	Stimulus	7.000000	3.000000
7.000000	13001.000000	1.000000	0.000000		8.000000	S  2	Stimulus	8.000000	4.000000
8.000000	13540.000000	1.000000	0.000000		9.000000	S  6	Stimulus	9.000000	4.000000
9.000000	17001.000000	1.000000	0.000000		10.000000	S  2	Stimulus	10.000000	5.000000
10.000000	17640.000000	1.000000	0.000000		11.000000	S  6	Stimulus	11.000000	5.000000
11.000000	21001.000000	1.000000	0.000000		12.000000	S  1	Stimulus	12.000000	6.000000
12.000000	21641.000000	1.000000	0.000000		13.000000	S  6	Stimulus	13.000000	6.000000
13.000000	25001.000000	1.000000	0.000000		14.000000	S  1	Stimulus	14.000000	7.000000
14.000000	25750.000000	1.000000	0.000000		15.000000	S  6	Stimulus	15.000000	7.000000
15.000000	29001.000000	1.000000	0.000000		16.000000	S  2	Stimulus	16.000000	8.000000
16.000000	29531.000000	1.000000	0.000000		17.000000	S  6	Stimulus	17.000000	8.000000
17.000000	33001.000000	1.000000	0.000000		18.000000	S  2	Stimulus	18.000000	9.000000
18.000000	33561.000000	1.000000	0.000000		19.000000	S  6	Stimulus	19.000000	9.000000
19.000000	37001.000000	1.000000	0.000000		20.000000	S  1	Stimulus	20.000000	10.000000
20.000000	37676.000000	1.000000	0.000000		21.000000	S  6	Stimulus	21.000000	10.000000
21.000000	41001.000000	1.000000	0.000000		22.000000	S  1	Stimulus	22.000000	11.000000
22.000000	41751.000000	1.000000	0.000000		23.000000	S  4	Stimulus	23.000000	11.000000
23.000000	45001.000000	1.000000	0.000000		24.000000	S  2	Stimulus	24.000000	12.000000
24.000000	45668.000000	1.000000	0.000000		25.000000	S  6	Stimulus	25.000000	12.000000
25.000000	49001.000000	1.000000	0.000000		26.000000	S  2	Stimulus	26.000000	13.000000
26.000000	49592.000000	1.000000	0.000000		27.000000	S  6	Stimulus	27.000000	13.000000
27.000000	53001.000000	1.000000	0.000000		30.000000	S  1	Stimulus	30.000000	14.000000
28.000000	53518.000000	1.000000	0.000000		31.000000	S  6	Stimulus	31.000000	14.000000
29.000000	57001.000000	1.000000	0.000000		32.000000	S  2	Stimulus	32.000000	15.000000
30.000000	57628.000000	1.000000	0.000000		33.000000	S  6	Stimulus	33.000000	15.000000
31.000000	61001.000000	1.000000	0.000000		34.000000	S  2	Stimulus	34.000000	16.000000
32.000000	61610.000000	1.000000	0.000000		35.000000	S  6	Stimulus	35.000000	16.000000
33.000000	65001.000000	1.000000	0.000000		36.000000	S  1	Stimulus	36.000000	17.000000
34.000000	65595.000000	1.000000	0.000000		37.000000	S  6	Stimulus	37.000000	17.000000
35.000000	69001.000000	1.000000	0.000000		38.000000	S  1	Stimulus	38.000000	18.000000
36.000000	69542.000000	1.000000	0.000000		39.000000	S  6	Stimulus	39.000000	18.000000
37.000000	73001.000000	1.000000	0.000000		40.000000	S  2	Stimulus	40.000000	19.000000
38.000000	73602.000000	1.000000	0.000000		41.000000	S  6	Stimulus	41.000000	19.000000
39.000000	77001.000000	1.000000	0.000000		42.000000	S  1	Stimulus	42.000000	20.000000
40.000000	77417.000000	1.000000	0.000000		43.000000	S  6	Stimulus	43.000000	20.000000
41.000000	81001.000000	1.000000	0.000000		44.000000	S  2	Stimulus	44.000000	21.000000
42.000000	81666.000000	1.000000	0.000000		45.000000	S  6	Stimulus	45.000000	21.000000
43.000000	85001.000000	1.000000	0.000000		46.000000	S  1	Stimulus	46.000000	22.000000
44.000000	85510.000000	1.000000	0.000000		47.000000	S  6	Stimulus	47.000000	22.000000
45.000000	89001.000000	1.000000	0.000000		48.000000	S  2	Stimulus	48.000000	23.000000
46.000000	89409.000000	1.000000	0.000000		49.000000	S  6	Stimulus	49.000000	23.000000
47.000000	93001.000000	1.000000	0.000000		50.000000	S  1	Stimulus	50.000000	24.000000
48.000000	93585.000000	1.000000	0.000000		51.000000	S  6	Stimulus	51.000000	24.000000
49.000000	97001.000000	1.000000	0.000000		52.000000	S  2	Stimulus	52.000000	25.000000
50.000000	97481.000000	1.000000	0.000000		53.000000	S  6	Stimulus	53.000000	25.000000
51.000000	101001.000000	1.000000	0.000000		54.000000	S  2	Stimulus	54.000000	26.000000
52.000000	101492.000000	1.000000	0.000000		55.000000	S  6	Stimulus	55.000000	26.000000
53.000000	105001.000000	1.000000	0.000000		56.000000	S  1	Stimulus	56.000000	27.000000
54.000000	105522.000000	1.000000	0.000000		57.000000	S  6	Stimulus	57.000000	27.000000
55.000000	109001.000000	1.000000	0.000000		58.000000	S  1	Stimulus	58.000000	28.000000
56.000000	109532.000000	1.000000	0.000000		59.000000	S  6	Stimulus	59.000000	28.000000
57.000000	113001.000000	1.000000	0.000000		60.000000	S  2	Stimulus	60.000000	29.000000
58.000000	113565.000000	1.000000	0.000000		61.000000	S  6	Stimulus	61.000000	29.000000
59.000000	117001.000000	1.000000	0.000000		62.000000	S  2	Stimulus	62.000000	30.000000
60.000000	117595.000000	1.000000	0.000000		63.000000	S  6	Stimulus	63.000000	30.000000
61.000000	121001.000000	1.000000	0.000000		64.000000	S  1	Stimulus	64.000000	31.000000
62.000000	121461.000000	1.000000	0.000000		65.000000	S  7	Stimulus	65.000000	31.000000
63.000000	125001.000000	1.000000	0.000000		66.000000	S  1	Stimulus	66.000000	32.000000
64.000000	125474.000000	1.000000	0.000000		67.000000	S  6	Stimulus	67.000000	32.000000
65.000000	129001.000000	1.000000	0.000000		71.000000	S  1	Stimulus	71.000000	33.000000
66.000000	129488.000000	1.000000	0.000000		72.000000	S  6	Stimulus	72.000000	33.000000
67.000000	133001.000000	1.000000	0.000000		73.000000	S  2	Stimulus	73.000000	34.000000
68.000000	133688.000000	1.000000	0.000000		74.000000	S  6	Stimulus	74.000000	34.000000
69.000000	137001.000000	1.000000	0.000000		75.000000	S  1	Stimulus	75.000000	35.000000
70.000000	137570.000000	1.000000	0.000000		76.000000	S  6	Stimulus	76.000000	35.000000
71.000000	141001.000000	1.000000	0.000000		85.000000	S  1	Stimulus	85.000000	36.000000
72.000000	141552.000000	1.000000	0.000000		86.000000	S  6	Stimulus	86.000000	36.000000
73.000000	145001.000000	1.000000	0.000000		87.000000	S  2	Stimulus	87.000000	37.000000
74.000000	145504.000000	1.000000	0.000000		88.000000	S  6	Stimulus	88.000000	37.000000
75.000000	149001.000000	1.000000	0.000000		89.000000	S  2	Stimulus	89.000000	38.000000
76.000000	149542.000000	1.000000	0.000000		90.000000	S  6	Stimulus	90.000000	38.000000
77.000000	153001.000000	1.000000	0.000000		102.000000	S  2	Stimulus	102.000000	39.000000
78.000000	153642.000000	1.000000	0.000000		103.000000	S  6	Stimulus	103.000000	39.000000
79.000000	157001.000000	1.000000	0.000000		104.000000	S  1	Stimulus	104.000000	40.000000
80.000000	157751.000000	1.000000	0.000000		105.000000	S  4	Stimulus	105.000000	40.000000
81.000000	161001.000000	1.000000	0.000000		108.000000	S  1	Stimulus	108.000000	41.000000
82.000000	161707.000000	1.000000	0.000000		109.000000	S  6	Stimulus	109.000000	41.000000
83.000000	165001.000000	1.000000	0.000000		110.000000	S  1	Stimulus	110.000000	42.000000
84.000000	165610.000000	1.000000	0.000000		111.000000	S  6	Stimulus	111.000000	42.000000
85.000000	169001.000000	1.000000	0.000000		112.000000	S  2	Stimulus	112.000000	43.000000
86.000000	169619.000000	1.000000	0.000000		113.000000	S  6	Stimulus	113.000000	43.000000
87.000000	173001.000000	1.000000	0.000000		114.000000	S  1	Stimulus	114.000000	44.000000
88.000000	173589.000000	1.000000	0.000000		115.000000	S  6	Stimulus	115.000000	44.000000
89.000000	177001.000000	1.000000	0.000000		121.000000	S  1	Stimulus	121.000000	45.000000
90.000000	177625.000000	1.000000	0.000000		122.000000	S  6	Stimulus	122.000000	45.000000
91.000000	181001.000000	1.000000	0.000000		125.000000	S  2	Stimulus	125.000000	46.000000
92.000000	181567.000000	1.000000	0.000000		126.000000	S  6	Stimulus	126.000000	46.000000
93.000000	185001.000000	1.000000	0.000000		127.000000	S  1	Stimulus	127.000000	47.000000
94.000000	185651.000000	1.000000	0.000000		128.000000	S  6	Stimulus	128.000000	47.000000
95.000000	189001.000000	1.000000	0.000000		131.000000	S  2	Stimulus	131.000000	48.000000
96.000000	189584.000000	1.000000	0.000000		132.000000	S  6	Stimulus	132.000000	48.000000
97.000000	193001.000000	1.000000	0.000000		133.000000	S  1	Stimulus	133.000000	49.000000
98.000000	193656.000000	1.000000	0.000000		134.000000	S  6	Stimulus	134.000000	49.000000
99.000000	197001.000000	1.000000	0.000000		144.000000	S  2	Stimulus	144.000000	50.000000
100.000000	197521.000000	1.000000	0.000000		145.000000	S  6	Stimulus	145.000000	50.000000
101.000000	201001.000000	1.000000	0.000000		146.000000	S  1	Stimulus	146.000000	51.000000
102.000000	201607.000000	1.000000	0.000000		147.000000	S  6	Stimulus	147.000000	51.000000
103.000000	205001.000000	1.000000	0.000000		151.000000	S  1	Stimulus	151.000000	52.000000
104.000000	205596.000000	1.000000	0.000000		152.000000	S  6	Stimulus	152.000000	52.000000
105.000000	209001.000000	1.000000	0.000000		155.000000	S  2	Stimulus	155.000000	53.000000
106.000000	209650.000000	1.000000	0.000000		156.000000	S  6	Stimulus	156.000000	53.000000
107.000000	213001.000000	1.000000	0.000000		157.000000	S  2	Stimulus	157.000000	54.000000
108.000000	213678.000000	1.000000	0.000000		158.000000	S  6	Stimulus	158.000000	54.000000
109.000000	217001.000000	1.000000	0.000000		163.000000	S  2	Stimulus	163.000000	55.000000
110.000000	217485.000000	1.000000	0.000000		164.000000	S  6	Stimulus	164.000000	55.000000
111.000000	221001.000000	1.000000	0.000000		165.000000	S  2	Stimulus	165.000000	56.000000
112.000000	221589.000000	1.000000	0.000000		166.000000	S  6	Stimulus	166.000000	56.000000
113.000000	225001.000000	1.000000	0.000000		174.000000	S  2	Stimulus	174.000000	57.000000
114.000000	225586.000000	1.000000	0.000000		175.000000	S  6	Stimulus	175.000000	57.000000
115.000000	229001.000000	1.000000	0.000000		178.000000	S  2	Stimulus	178.000000	58.000000
116.000000	229572.000000	1.000000	0.000000		179.000000	S  6	Stimulus	179.000000	58.000000
117.000000	233001.000000	1.000000	0.000000		183.000000	S  1	Stimulus	183.000000	59.000000
118.000000	233557.000000	1.000000	0.000000		184.000000	S  6	Stimulus	184.000000	59.000000
119.000000	237001.000000	1.000000	0.000000		185.000000	S  2	Stimulus	185.000000	60.000000
120.000000	237698.000000	1.000000	0.000000		186.000000	S  6	Stimulus	186.000000	60.000000
121.000000	241001.000000	1.000000	0.000000		189.000000	S  2	Stimulus	189.000000	61.000000
122.000000	241600.000000	1.000000	0.000000		190.000000	S  6	Stimulus	190.000000	61.000000
123.000000	245001.000000	1.000000	0.000000		191.000000	S  2	Stimulus	191.000000	62.000000
124.000000	245751.000000	1.000000	0.000000		192.000000	S  4	Stimulus	192.000000	62.000000
125.000000	249001.000000	1.000000	0.000000		201.000000	S  1	Stimulus	201.000000	63.000000
126.000000	249678.000000	1.000000	0.000000		202.000000	S  6	Stimulus	202.000000	63.000000
127.000000	253001.000000	1.000000	0.000000		203.000000	S  2	Stimulus	203.000000	64.000000
128.000000	253525.000000	1.000000	0.000000		204.000000	S  6	Stimulus	204.000000	64.000000
129.000000	257001.000000	1.000000	0.000000		205.000000	S  2	Stimulus	205.000000	65.000000
130.000000	257511.000000	1.000000	0.000000		206.000000	S  6	Stimulus	206.000000	65.000000
131.000000	261001.000000	1.000000	0.000000		207.000000	S  1	Stimulus	207.000000	66.000000
132.000000	261465.000000	1.000000	0.000000		208.000000	S  6	Stimulus	208.000000	66.000000
133.000000	265001.000000	1.000000	0.000000		209.000000	S  2	Stimulus	209.000000	67.000000
134.000000	265751.000000	1.000000	0.000000		210.000000	S  4	Stimulus	210.000000	67.000000
135.000000	269001.000000	1.000000	0.000000		211.000000	S  1	Stimulus	211.000000	68.000000
136.000000	269519.000000	1.000000	0.000000		212.000000	S  6	Stimulus	212.000000	68.000000
137.000000	273001.000000	1.000000	0.000000		213.000000	S  2	Stimulus	213.000000	69.000000
138.000000	273577.000000	1.000000	0.000000		214.000000	S  6	Stimulus	214.000000	69.000000
139.000000	277001.000000	1.000000	0.000000		215.000000	S  1	Stimulus	215.000000	70.000000
140.000000	277539.000000	1.000000	0.000000		216.000000	S  6	Stimulus	216.000000	70.000000
141.000000	281001.000000	1.000000	0.000000		223.000000	S  2	Stimulus	223.000000	71.000000
142.000000	281663.000000	1.000000	0.000000		224.000000	S  6	Stimulus	224.000000	71.000000
143.000000	285001.000000	1.000000	0.000000		235.000000	S  2	Stimulus	235.000000	72.000000
144.000000	285657.000000	1.000000	0.000000		236.000000	S  6	Stimulus	236.000000	72.000000
145.000000	289001.000000	1.000000	0.000000		237.000000	S  1	Stimulus	237.000000	73.000000
146.000000	289561.000000	1.000000	0.000000		238.000000	S  6	Stimulus	238.000000	73.000000
147.000000	293001.000000	1.000000	0.000000		239.000000	S  2	Stimulus	239.000000	74.000000
148.000000	293622.000000	1.000000	0.000000		240.000000	S  6	Stimulus	240.000000	74.000000
149.000000	297001.000000	1.000000	0.000000		253.000000	S  2	Stimulus	253.000000	75.000000
150.000000	297637.000000	1.000000	0.000000		254.000000	S  6	Stimulus	254.000000	75.000000
151.000000	301001.000000	1.000000	0.000000		263.000000	S  2	Stimulus	263.000000	76.000000
152.000000	301611.000000	1.000000	0.000000		264.000000	S  6	Stimulus	264.000000	76.000000
