number	latency	duration	channel	bvtime	bvmknum	type	code	urevent	epoch
1.000000	1001.000000	1.000000	0.000000		2.000000	S  2	Stimulus	2.000000	1.000000
2.000000	1751.000000	1.000000	0.000000		3.000000	S  4	Stimulus	3.000000	1.000000
3.000000	5001.000000	1.000000	0.000000		4.000000	S  1	Stimulus	4.000000	2.000000
4.000000	5520.000000	1.000000	0.000000		5.000000	S  6	Stimulus	5.000000	2.000000
5.000000	9001.000000	1.000000	0.000000		6.000000	S  1	Stimulus	6.000000	3.000000
6.000000	9503.000000	1.000000	0.000000		7.000000	S  6	Stimulus	7.000000	3.000000
7.000000	13001.000000	1.000000	0.000000		8.000000	S  2	Stimulus	8.000000	4.000000
8.000000	13540.000000	1.000000	0.000000		9.000000	S  6	Stimulus	9.000000	4.000000
9.000000	17001.000000	1.000000	0.000000		10.000000	S  2	Stimulus	10.000000	5.000000
10.000000	17401.000000	1.000000	0.000000		11.000000	S  6	Stimulus	11.000000	5.000000
11.000000	21001.000000	1.000000	0.000000		12.000000	S  1	Stimulus	12.000000	6.000000
12.000000	21435.000000	1.000000	0.000000		13.000000	S  6	Stimulus	13.000000	6.000000
13.000000	25001.000000	1.000000	0.000000		14.000000	S  2	Stimulus	14.000000	7.000000
14.000000	25460.000000	1.000000	0.000000		15.000000	S  6	Stimulus	15.000000	7.000000
15.000000	29001.000000	1.000000	0.000000		16.000000	S  1	Stimulus	16.000000	8.000000
16.000000	29397.000000	1.000000	0.000000		17.000000	S  4	Stimulus	17.000000	8.000000
17.000000	33001.000000	1.000000	0.000000		18.000000	S  2	Stimulus	18.000000	9.000000
18.000000	33528.000000	1.000000	0.000000		19.000000	S  6	Stimulus	19.000000	9.000000
19.000000	37001.000000	1.000000	0.000000		20.000000	S  1	Stimulus	20.000000	10.000000
20.000000	37369.000000	1.000000	0.000000		21.000000	S  6	Stimulus	21.000000	10.000000
21.000000	41001.000000	1.000000	0.000000		22.000000	S  1	Stimulus	22.000000	11.000000
22.000000	41389.000000	1.000000	0.000000		23.000000	S  6	Stimulus	23.000000	11.000000
23.000000	45001.000000	1.000000	0.000000		24.000000	S  2	Stimulus	24.000000	12.000000
24.000000	45317.000000	1.000000	0.000000		25.000000	S  6	Stimulus	25.000000	12.000000
25.000000	49001.000000	1.000000	0.000000		26.000000	S  2	Stimulus	26.000000	13.000000
26.000000	49358.000000	1.000000	0.000000		27.000000	S  4	Stimulus	27.000000	13.000000
27.000000	53001.000000	1.000000	0.000000		28.000000	S  1	Stimulus	28.000000	14.000000
28.000000	53571.000000	1.000000	0.000000		29.000000	S  6	Stimulus	29.000000	14.000000
29.000000	57001.000000	1.000000	0.000000		30.000000	S  2	Stimulus	30.000000	15.000000
30.000000	57430.000000	1.000000	0.000000		31.000000	S  6	Stimulus	31.000000	15.000000
31.000000	61001.000000	1.000000	0.000000		32.000000	S  1	Stimulus	32.000000	16.000000
32.000000	61440.000000	1.000000	0.000000		33.000000	S  6	Stimulus	33.000000	16.000000
33.000000	65001.000000	1.000000	0.000000		34.000000	S  2	Stimulus	34.000000	17.000000
34.000000	65420.000000	1.000000	0.000000		35.000000	S  6	Stimulus	35.000000	17.000000
35.000000	69001.000000	1.000000	0.000000		36.000000	S  1	Stimulus	36.000000	18.000000
36.000000	69513.000000	1.000000	0.000000		37.000000	S  6	Stimulus	37.000000	18.000000
37.000000	73001.000000	1.000000	0.000000		38.000000	S  1	Stimulus	38.000000	19.000000
38.000000	73468.000000	1.000000	0.000000		39.000000	S  6	Stimulus	39.000000	19.000000
39.000000	77001.000000	1.000000	0.000000		40.000000	S  2	Stimulus	40.000000	20.000000
40.000000	77272.000000	1.000000	0.000000		41.000000	S  6	Stimulus	41.000000	20.000000
41.000000	81001.000000	1.000000	0.000000		42.000000	S  2	Stimulus	42.000000	21.000000
42.000000	81472.000000	1.000000	0.000000		43.000000	S  6	Stimulus	43.000000	21.000000
43.000000	85001.000000	1.000000	0.000000		44.000000	S  1	Stimulus	44.000000	22.000000
44.000000	85408.000000	1.000000	0.000000		45.000000	S  6	Stimulus	45.000000	22.000000
45.000000	89001.000000	1.000000	0.000000		46.000000	S  1	Stimulus	46.000000	23.000000
46.000000	89370.000000	1.000000	0.000000		47.000000	S  4	Stimulus	47.000000	23.000000
47.000000	93001.000000	1.000000	0.000000		48.000000	S  2	Stimulus	48.000000	24.000000
48.000000	93374.000000	1.000000	0.000000		49.000000	S  6	Stimulus	49.000000	24.000000
49.000000	97001.000000	1.000000	0.000000		50.000000	S  2	Stimulus	50.000000	25.000000
50.000000	97377.000000	1.000000	0.000000		51.000000	S  4	Stimulus	51.000000	25.000000
51.000000	101001.000000	1.000000	0.000000		52.000000	S  1	Stimulus	52.000000	26.000000
52.000000	101493.000000	1.000000	0.000000		53.000000	S  6	Stimulus	53.000000	26.000000
53.000000	105001.000000	1.000000	0.000000		54.000000	S  1	Stimulus	54.000000	27.000000
54.000000	105491.000000	1.000000	0.000000		55.000000	S  6	Stimulus	55.000000	27.000000
55.000000	109001.000000	1.000000	0.000000		56.000000	S  2	Stimulus	56.000000	28.000000
56.000000	109526.000000	1.000000	0.000000		57.000000	S  6	Stimulus	57.000000	28.000000
57.000000	113001.000000	1.000000	0.000000		58.000000	S  2	Stimulus	58.000000	29.000000
58.000000	113467.000000	1.000000	0.000000		59.000000	S  6	Stimulus	59.000000	29.000000
59.000000	117001.000000	1.000000	0.000000		60.000000	S  1	Stimulus	60.000000	30.000000
60.000000	117524.000000	1.000000	0.000000		61.000000	S  6	Stimulus	61.000000	30.000000
61.000000	121001.000000	1.000000	0.000000		62.000000	S  1	Stimulus	62.000000	31.000000
62.000000	121514.000000	1.000000	0.000000		63.000000	S  6	Stimulus	63.000000	31.000000
63.000000	125001.000000	1.000000	0.000000		64.000000	S  2	Stimulus	64.000000	32.000000
64.000000	125520.000000	1.000000	0.000000		65.000000	S  6	Stimulus	65.000000	32.000000
65.000000	129001.000000	1.000000	0.000000		66.000000	S  1	Stimulus	66.000000	33.000000
66.000000	129602.000000	1.000000	0.000000		67.000000	S  6	Stimulus	67.000000	33.000000
67.000000	133001.000000	1.000000	0.000000		70.000000	S  1	Stimulus	70.000000	34.000000
68.000000	133429.000000	1.000000	0.000000		71.000000	S  6	Stimulus	71.000000	34.000000
69.000000	137001.000000	1.000000	0.000000		77.000000	S  2	Stimulus	77.000000	35.000000
70.000000	137492.000000	1.000000	0.000000		78.000000	S  6	Stimulus	78.000000	35.000000
71.000000	141001.000000	1.000000	0.000000		86.000000	S  1	Stimulus	86.000000	36.000000
72.000000	141654.000000	1.000000	0.000000		87.000000	S  6	Stimulus	87.000000	36.000000
73.000000	145001.000000	1.000000	0.000000		91.000000	S  1	Stimulus	91.000000	37.000000
74.000000	145736.000000	1.000000	0.000000		92.000000	S  6	Stimulus	92.000000	37.000000
75.000000	149001.000000	1.000000	0.000000		93.000000	S  1	Stimulus	93.000000	38.000000
76.000000	149587.000000	1.000000	0.000000		94.000000	S  6	Stimulus	94.000000	38.000000
77.000000	153001.000000	1.000000	0.000000		95.000000	S  2	Stimulus	95.000000	39.000000
78.000000	153537.000000	1.000000	0.000000		96.000000	S  6	Stimulus	96.000000	39.000000
79.000000	157001.000000	1.000000	0.000000		99.000000	S  1	Stimulus	99.000000	40.000000
80.000000	157523.000000	1.000000	0.000000		100.000000	S  6	Stimulus	100.000000	40.000000
81.000000	161001.000000	1.000000	0.000000		104.000000	S  1	Stimulus	104.000000	41.000000
82.000000	161638.000000	1.000000	0.000000		105.000000	S  6	Stimulus	105.000000	41.000000
83.000000	165001.000000	1.000000	0.000000		108.000000	S  2	Stimulus	108.000000	42.000000
84.000000	165583.000000	1.000000	0.000000		109.000000	S  6	Stimulus	109.000000	42.000000
85.000000	169001.000000	1.000000	0.000000		110.000000	S  1	Stimulus	110.000000	43.000000
86.000000	169627.000000	1.000000	0.000000		111.000000	S  6	Stimulus	111.000000	43.000000
87.000000	173001.000000	1.000000	0.000000		114.000000	S  2	Stimulus	114.000000	44.000000
88.000000	173503.000000	1.000000	0.000000		115.000000	S  6	Stimulus	115.000000	44.000000
89.000000	177001.000000	1.000000	0.000000		118.000000	S  1	Stimulus	118.000000	45.000000
90.000000	177731.000000	1.000000	0.000000		119.000000	S  6	Stimulus	119.000000	45.000000
91.000000	181001.000000	1.000000	0.000000		120.000000	S  2	Stimulus	120.000000	46.000000
92.000000	181640.000000	1.000000	0.000000		121.000000	S  6	Stimulus	121.000000	46.000000
93.000000	185001.000000	1.000000	0.000000		122.000000	S  2	Stimulus	122.000000	47.000000
94.000000	185536.000000	1.000000	0.000000		123.000000	S  6	Stimulus	123.000000	47.000000
95.000000	189001.000000	1.000000	0.000000		124.000000	S  1	Stimulus	124.000000	48.000000
96.000000	189556.000000	1.000000	0.000000		125.000000	S  6	Stimulus	125.000000	48.000000
97.000000	193001.000000	1.000000	0.000000		126.000000	S  2	Stimulus	126.000000	49.000000
98.000000	193477.000000	1.000000	0.000000		127.000000	S  6	Stimulus	127.000000	49.000000
99.000000	197001.000000	1.000000	0.000000		128.000000	S  1	Stimulus	128.000000	50.000000
100.000000	197468.000000	1.000000	0.000000		129.000000	S  6	Stimulus	129.000000	50.000000
101.000000	201001.000000	1.000000	0.000000		130.000000	S  2	Stimulus	130.000000	51.000000
102.000000	201630.000000	1.000000	0.000000		131.000000	S  6	Stimulus	131.000000	51.000000
103.000000	205001.000000	1.000000	0.000000		132.000000	S  1	Stimulus	132.000000	52.000000
104.000000	205608.000000	1.000000	0.000000		133.000000	S  6	Stimulus	133.000000	52.000000
105.000000	209001.000000	1.000000	0.000000		136.000000	S  2	Stimulus	136.000000	53.000000
106.000000	209551.000000	1.000000	0.000000		137.000000	S  6	Stimulus	137.000000	53.000000
107.000000	213001.000000	1.000000	0.000000		140.000000	S  1	Stimulus	140.000000	54.000000
108.000000	213514.000000	1.000000	0.000000		141.000000	S  6	Stimulus	141.000000	54.000000
109.000000	217001.000000	1.000000	0.000000		149.000000	S  2	Stimulus	149.000000	55.000000
110.000000	217733.000000	1.000000	0.000000		150.000000	S  6	Stimulus	150.000000	55.000000
111.000000	221001.000000	1.000000	0.000000		155.000000	S  1	Stimulus	155.000000	56.000000
112.000000	221586.000000	1.000000	0.000000		156.000000	S  6	Stimulus	156.000000	56.000000
113.000000	225001.000000	1.000000	0.000000		159.000000	S  2	Stimulus	159.000000	57.000000
114.000000	225580.000000	1.000000	0.000000		160.000000	S  6	Stimulus	160.000000	57.000000
115.000000	229001.000000	1.000000	0.000000		161.000000	S  1	Stimulus	161.000000	58.000000
116.000000	229583.000000	1.000000	0.000000		162.000000	S  6	Stimulus	162.000000	58.000000
117.000000	233001.000000	1.000000	0.000000		169.000000	S  2	Stimulus	169.000000	59.000000
118.000000	233622.000000	1.000000	0.000000		170.000000	S  6	Stimulus	170.000000	59.000000
119.000000	237001.000000	1.000000	0.000000		171.000000	S  1	Stimulus	171.000000	60.000000
120.000000	237588.000000	1.000000	0.000000		172.000000	S  6	Stimulus	172.000000	60.000000
121.000000	241001.000000	1.000000	0.000000		175.000000	S  2	Stimulus	175.000000	61.000000
122.000000	241750.000000	1.000000	0.000000		176.000000	S  4	Stimulus	176.000000	61.000000
123.000000	245001.000000	1.000000	0.000000		182.000000	S  1	Stimulus	182.000000	62.000000
124.000000	245596.000000	1.000000	0.000000		183.000000	S  6	Stimulus	183.000000	62.000000
125.000000	249001.000000	1.000000	0.000000		184.000000	S  2	Stimulus	184.000000	63.000000
126.000000	249647.000000	1.000000	0.000000		185.000000	S  6	Stimulus	185.000000	63.000000
127.000000	253001.000000	1.000000	0.000000		190.000000	S  2	Stimulus	190.000000	64.000000
128.000000	253602.000000	1.000000	0.000000		191.000000	S  6	Stimulus	191.000000	64.000000
129.000000	257001.000000	1.000000	0.000000		194.000000	S  2	Stimulus	194.000000	65.000000
130.000000	257577.000000	1.000000	0.000000		195.000000	S  6	Stimulus	195.000000	65.000000
131.000000	261001.000000	1.000000	0.000000		196.000000	S  2	Stimulus	196.000000	66.000000
132.000000	261745.000000	1.000000	0.000000		197.000000	S  6	Stimulus	197.000000	66.000000
133.000000	265001.000000	1.000000	0.000000		200.000000	S  2	Stimulus	200.000000	67.000000
134.000000	265553.000000	1.000000	0.000000		201.000000	S  6	Stimulus	201.000000	67.000000
135.000000	269001.000000	1.000000	0.000000		204.000000	S  2	Stimulus	204.000000	68.000000
136.000000	269607.000000	1.000000	0.000000		205.000000	S  6	Stimulus	205.000000	68.000000
137.000000	273001.000000	1.000000	0.000000		208.000000	S  1	Stimulus	208.000000	69.000000
138.000000	273568.000000	1.000000	0.000000		209.000000	S  6	Stimulus	209.000000	69.000000
139.000000	277001.000000	1.000000	0.000000		212.000000	S  1	Stimulus	212.000000	70.000000
140.000000	277594.000000	1.000000	0.000000		213.000000	S  6	Stimulus	213.000000	70.000000
141.000000	281001.000000	1.000000	0.000000		214.000000	S  2	Stimulus	214.000000	71.000000
142.000000	281588.000000	1.000000	0.000000		215.000000	S  6	Stimulus	215.000000	71.000000
143.000000	285001.000000	1.000000	0.000000		216.000000	S  1	Stimulus	216.000000	72.000000
144.000000	285647.000000	1.000000	0.000000		217.000000	S  6	Stimulus	217.000000	72.000000
145.000000	289001.000000	1.000000	0.000000		218.000000	S  2	Stimulus	218.000000	73.000000
146.000000	289679.000000	1.000000	0.000000		219.000000	S  6	Stimulus	219.000000	73.000000
147.000000	293001.000000	1.000000	0.000000		220.000000	S  1	Stimulus	220.000000	74.000000
148.000000	293671.000000	1.000000	0.000000		221.000000	S  6	Stimulus	221.000000	74.000000
149.000000	297001.000000	1.000000	0.000000		225.000000	S  2	Stimulus	225.000000	75.000000
150.000000	297536.000000	1.000000	0.000000		226.000000	S  6	Stimulus	226.000000	75.000000
151.000000	301001.000000	1.000000	0.000000		232.000000	S  2	Stimulus	232.000000	76.000000
152.000000	301597.000000	1.000000	0.000000		233.000000	S  6	Stimulus	233.000000	76.000000
153.000000	305001.000000	1.000000	0.000000		234.000000	S  1	Stimulus	234.000000	77.000000
154.000000	305751.000000	1.000000	0.000000		235.000000	S  4	Stimulus	235.000000	77.000000
155.000000	309001.000000	1.000000	0.000000		241.000000	S  2	Stimulus	241.000000	78.000000
156.000000	309706.000000	1.000000	0.000000		242.000000	S  6	Stimulus	242.000000	78.000000
157.000000	313001.000000	1.000000	0.000000		243.000000	S  1	Stimulus	243.000000	79.000000
158.000000	313744.000000	1.000000	0.000000		244.000000	S  6	Stimulus	244.000000	79.000000
159.000000	317001.000000	1.000000	0.000000		245.000000	S  2	Stimulus	245.000000	80.000000
160.000000	317586.000000	1.000000	0.000000		246.000000	S  6	Stimulus	246.000000	80.000000
161.000000	321001.000000	1.000000	0.000000		247.000000	S  1	Stimulus	247.000000	81.000000
162.000000	321588.000000	1.000000	0.000000		248.000000	S  6	Stimulus	248.000000	81.000000
163.000000	325001.000000	1.000000	0.000000		251.000000	S  1	Stimulus	251.000000	82.000000
164.000000	325594.000000	1.000000	0.000000		252.000000	S  6	Stimulus	252.000000	82.000000
165.000000	329001.000000	1.000000	0.000000		255.000000	S  2	Stimulus	255.000000	83.000000
166.000000	329632.000000	1.000000	0.000000		256.000000	S  6	Stimulus	256.000000	83.000000
167.000000	333001.000000	1.000000	0.000000		257.000000	S  1	Stimulus	257.000000	84.000000
168.000000	333609.000000	1.000000	0.000000		258.000000	S  6	Stimulus	258.000000	84.000000
169.000000	337001.000000	1.000000	0.000000		259.000000	S  2	Stimulus	259.000000	85.000000
170.000000	337631.000000	1.000000	0.000000		260.000000	S  6	Stimulus	260.000000	85.000000
171.000000	341001.000000	1.000000	0.000000		261.000000	S  1	Stimulus	261.000000	86.000000
172.000000	341516.000000	1.000000	0.000000		262.000000	S  6	Stimulus	262.000000	86.000000
173.000000	345001.000000	1.000000	0.000000		265.000000	S  2	Stimulus	265.000000	87.000000
174.000000	345562.000000	1.000000	0.000000		266.000000	S  6	Stimulus	266.000000	87.000000
